Haris,Benatnasch,Alnitak,Sarin,Microscopii,Mintaka,Giausar,Bootis,Alhajoth,Doradus,Tauri,Aquilae,Algjebbath,Borealis,Bunda,Velorum,Bellatrix,Sartan,Iota
,287,75,449,277,,,,,,,,,,,,,,
287,,349,,,148,67,198,,,,,,,,,,,
75,349,,,,,,260,,,,,,,,,,,
449,,,,,89,,,,,355,78,,,,193,109,,
277,,,,,150,,,,,,,,,,,,,
,148,,89,150,,,,31,114,371,83,91,,,,,,
,67,,,,,,,175,,,,,,,,,,170
,198,260,,,,,,,,,,,,,137,,,268
,,,,,31,175,,,,342,,88,164,186,185,,,
,,,,,114,,,,,273,,,109,,,,,
,,,355,,371,,,342,273,,,,,,,,,
,,,78,,83,,,,,,,,247,,,,,
,,,,,91,,,88,,,,,,,,,,
,,,,,,,,164,109,,247,,,,,,,
,,,,,,,,186,,,,,,,,,,
,,,193,,,,137,185,,,,,,,,,,
,,,109,,,,,,,,,,,,,,229,
,,,,,,,,,,,,,,,,229,,
,,,,,,170,268,,,,,,,,,,,
,,,,,,170,268,,,,,,,,,,,
Baris,Benatnasch
