Cursa,ZenithStar,Scuti,Gallina,Ksora,Berenices,Leonis,Ras,Pavonis,Alnitak,Alhajoth,Leporis,Sarin,Microscopii,Sargas,Sepentis,Aspidiske,Asellus,Scheddi,Tauri,Bunda,Iota,Alhena,Lyncis,Matar,Elkeid,Aurigae,Piscium,Tolimann,Velorum
,198,80,30,167,46,157,168,119,,,,,,,,,,,,,,,,,,,,,
198,,,,90,230,165,343,,488,64,98,111,165,77,516,150,,,,,,,,,,,,,
80,,,,,120,78,,,425,,,100,121,,,,49,122,272,167,68,124,,,,,,,
30,,,,155,64,,182,,379,,,,,,395,,,,,,87,,87,88,156,,,,
167,90,,155,,,,,280,516,,,,,,,,,,,,72,,71,,118,229,116,393,
46,230,120,64,,,194,,73,,183,,200,,231,,,79,,,,,,,140,,,127,,
157,165,78,,,194,,302,255,478,,,108,170,,,60,,114,337,,123,,,109,52,,,,
168,343,,182,,,302,,,,,257,,,,,,,335,,,261,,,263,330,,,,134
119,,,,280,73,255,,,,245,202,,150,,276,,,,,,,268,216,,279,60,197,130,
,488,425,379,516,,478,,,,461,,,331,,,444,384,,,275,449,,461,464,,,,,
,64,,,,183,,,245,461,,65,,,,486,96,107,,,186,,,,95,,,,369,185
,98,,,,,,257,202,,65,,135,68,120,,,,,,123,,161,108,,,,,,164
,111,100,,,200,108,,,,,135,,,63,,137,,94,,,68,,,,106,,,,193
,165,121,,,,170,,150,331,,68,,,,358,,90,,,,139,211,,,,,,,141
,77,,,,231,,,,,,120,63,,,,,,,,,104,111,,,74,252,,,
,516,,395,,,,,276,,486,,,358,,,,,,259,,,,,,,,,,
,150,,,,,60,,,444,96,,137,,,,,,,,184,,,,,,,,,
,,49,,,79,,,,384,107,,,90,,,,,143,236,,,142,77,82,,,,263,
,,122,,,,114,335,,,,,94,,,,,143,,,210,,,,,,,,406,
,,272,,,,337,,,,,,,,,259,,236,,,225,,,,292,,137,267,,
,,167,,,,,,,275,186,123,,,,,184,,210,225,,,,198,207,222,139,213,249,
,,68,87,72,,123,261,,449,,,68,139,104,,,,,,,,,,,,,,,
,,124,,,,,,268,,,161,,211,111,,,142,,,,,,,,157,212,80,,185
,,,87,71,,,,216,461,,108,,,,,,77,,,198,,,,,,,,,
,,,88,,140,109,263,,464,95,,,,,,,82,,292,207,,,,,,,,,130
,,,156,118,,52,330,279,,,,106,,74,,,,,,222,,157,,,,,,,219
,,,,229,,,,60,,,,,,252,,,,,137,139,,212,,,,,,,29
,,,,116,127,,,197,,,,,,,,,,,267,213,,80,,,,,,,114
,,,,393,,,,130,,369,,,,,,,263,406,,249,,,,,,,,,
,,,,,,,134,,,185,164,193,141,,,,,,,,,185,,130,219,29,114,,
Aspidiske,B
